K=4
initial_indices=[np.int32(7), np.int32(3), np.int32(4), np.int32(6)]
final_centers=[[8.5, 8.666666666666666], [5.25, 7.5], [7.0, 1.0], [1.0, 1.3499999999999999]]
dunn=0.5547001962252291
