K=3
initial_indices=[np.int32(9), np.int32(6), np.int32(10)]
final_centers=[[7.875, 8.75], [1.0, 1.3499999999999999], [5.5, 5.5]]
dunn=0.19425717247145285
