K=5
initial_indices=[np.int32(0), np.int32(3), np.int32(9), np.int32(11), np.int32(1)]
final_centers=[[1.0, 1.3499999999999999], [8.5, 8.666666666666666], [5.5, 8.5], [5.0, 6.5], [7.0, 1.0]]
dunn=0.2773500981126146
