K=2
initial_indices=[np.int32(6), np.int32(9)]
final_centers=[[2.2, 1.2799999999999998], [6.642857142857143, 8.0]]
dunn=0.7672869618128253
